20 7
Zayn 90 87 99 91 87 83 78
Michael 85 72 97 97 61 92 76
Kyle 83 97 67 87 63 89 96
Sean 82 98 77 81 68 81 73
Holden 89 83 87 81 99 96 92
Maicen 69 75 65 92 81 89 71
Richard 63 70 95 91 98 76 74
Devin 54 88 98 78 85 60 88
Zoe 69 86 84 94 98 77 94
Ryan 86 63 86 91 82 69 93
Giulio 98 97 87 76 89 89 95
Cameron 95 94 83 87 87 97 64
Kevin 88 98 63 94 80 80 56
Anna 87 98 79 77 59 79 98
Ethan 87 94 74 82 93 91 83
Trenton 93 80 87 95 92 58 81
Pooya 81 68 99 78 92 94 92
Sehrish 74 99 93 90 84 92 88
Zoe 96 94 61 84 76 97 91
Denny 87 66 77 99 61 99 65
