19 8
Sarah 79 74 94 60 86 84 73 87 
Joshua 81 71 91 87 82 83 92 64
Paige 82 72 66 97 82 86 96 83
Charles 92 87 93 94 87 84 93 72
Nathan 96 78 87 88 97 99 88 84
Shoshannah 94 93 94 62 54 87 64 100
Andrew 80 93 72 85 99 83 92 87
Erik 83 76 87 73 82 99 99 76
Lajeeth 69 92 89 92 92 79 85 85
Samuel 66 100 74 87 97 70 98 73
Rhesa 94 97 93 80 89 95 92 84
Ayush 70 92 94 85 98 85 66 81
James 87 77 77 98 92 79 97 92
Peyton 69 77 96 91 82 80 82 87
David 96 80 89 92 82 58 61 79
Bryant 79 89 98 93 65 99 71 83
Alexander 79 68 93 100 76 95 81 94
Bailey 62 100 87 64 67 94 88 92
Zahra 88 86 78 67 88 68 64 89
