19 7
Eric 91 84 74 99 66 88 82
Haden 83 86 71 96 85 99 92
Tiffany 80 80 70 96 93 98 94
Donovan 86 97 86 67 90 86 75
Lindesy 90 63 81 96 75 89 74
John 72 93 80 79 98 98 95
Jonathan 73 89 78 93 87 96 83
Sawab 67 89 74 90 65 82 81
Michael 96 92 60 96 99 97 93
Ryan 99 79 81 98 58 67 70
John 84 62 79 89 95 99 85
William 73 90 88 97 83 91 86
Jasmine 66 83 94 100 92 83 67
Blake 98 74 73 96 95 64 90
Jeremiah 71 95 77 80 62 89 79
Gabriel 97 75 87 89 94 79 69
Amin 80 74 67 97 60 67 97
Ganesh 97 70 83 99 84 67 99
Gregory 100 91 59 93 81 98 69
